F[1]=0.00185282
F[2]=0.00189321
F[3]=0.00167007
F[4]=0.0225252
F[5]=0.0123528
F[6]=0.0020446
F[7]=0.0179405
F[8]=0.186756
F[9]=0.650551
F[10]=0.100079
F[11]=0.0023241
F[12]=1.05742e-05
F[13]=1e-10
F[14]=1e-10
F[15]=1e-10
F[16]=1e-10
F[17]=1e-10
F[18]=1e-10
F[19]=1e-10
F[20]=1e-10
F[21]=1e-10
F[22]=1e-10
F[23]=1e-10
F[24]=1e-10
F[25]=1e-10
F[26]=1e-10
F[27]=1e-10
F[28]=1e-10
F[29]=1e-10
F[30]=1e-10
F[31]=1e-10
F[32]=1e-10
F[33]=1e-10
F[34]=1e-10
F[35]=1e-10
F[36]=1e-10
F[37]=1e-10
F[38]=1e-10
F[39]=1e-10
F[40]=1e-10
F[41]=1e-10
F[42]=1e-10
F[43]=1e-10
F[44]=1e-10
F[45]=1e-10
F[46]=1e-10